256	256
34
199.18965773762946	143.26294750482296	212.87787089915696	143.26294750482296	4	6
5.930861555247807	190.72147648768177	38.75949999147491	190.72147648768177	7	0
5.930861555247807	65.19138771191325	38.75949999147491	65.19138771191325	0	7
5.930861555247807	65.19138771191325	5.930861555247807	190.72147648768177	7	0
222.5232230456111	65.14203302949537	222.5232230456111	90.18430595196271	0	4
249.74954359440167	90.18430595196271	249.74954359440167	121.61606060606061	0	4
133.8675799086758	65.14203302949537	199.10587347870032	65.14203302949537	0	3
38.75949999147491	65.19138771191325	113.28613592747007	65.14203302949537	0	2
113.28613592747007	65.14203302949537	133.8675799086758	65.14203302949537	0	6
199.10587347870032	65.14203302949537	222.5232230456111	65.14203302949537	0	4
130.61336224420654	138.29373091533944	199.18965773762946	138.29373091533944	3	6
212.87787089915696	143.26294750482296	249.74954359440167	143.26294750482296	4	4
133.8675799086758	65.14203302949537	133.8675799086758	81.97102441929721	3	6
38.75949999147491	65.19138771191325	38.75949999147491	138.29373091533944	2	7
113.28613592747007	65.14203302949537	113.28613592747007	81.97102441929721	6	1
199.10587347870032	65.14203302949537	199.10587347870032	90.18430595196271	4	3
130.61336224420654	138.29373091533944	130.61336224420654	190.72147648768177	6	2
212.87787089915696	143.26294750482296	212.87787089915696	190.72147648768177	4	6
249.74954359440167	121.61606060606061	249.74954359440167	143.26294750482296	0	4
199.18965773762946	138.29373091533944	199.18965773762946	143.26294750482296	4	6
249.74954359440167	143.26294750482296	249.74954359440167	190.72147648768177	0	4
222.5232230456111	90.18430595196271	249.74954359440167	90.18430595196271	0	4
113.28613592747007	138.29373091533944	130.61336224420654	138.29373091533944	3	2
38.75949999147491	190.72147648768177	130.61336224420654	190.72147648768177	2	0
130.61336224420654	190.72147648768177	212.87787089915696	190.72147648768177	6	0
212.87787089915696	190.72147648768177	249.74954359440167	190.72147648768177	4	0
113.28613592747007	81.97102441929721	133.8675799086758	81.97102441929721	6	3
199.10587347870032	90.18430595196271	222.5232230456111	90.18430595196271	4	4
199.18965773762946	121.61606060606061	249.74954359440167	121.61606060606061	4	4
38.75949999147491	138.29373091533944	113.28613592747007	138.29373091533944	2	2
113.28613592747007	81.97102441929721	113.28613592747007	138.29373091533944	3	2
199.10587347870032	90.18430595196271	199.18965773762946	121.61606060606061	4	3
199.18965773762946	121.61606060606061	199.18965773762946	138.29373091533944	4	3
38.75949999147491	138.29373091533944	38.75949999147491	190.72147648768177	2	7
113.0	67.89873417721519	113.0	79.95652173913044	door	1	1
113.0	84.67073170731707	113.0	123.28378378378379	door	1	1
249.0	99.09677419354838	249.0	117.23684210526316	door	1	1
130.0	139.97101449275362	130.0	179.63076923076923	door	1	1
117.11627906976744	65.0	130.9041095890411	65.0	door	1	1
202.0	90.0	215.62295081967213	90.0	door	1	1
43	65.0	107	65.0	door	1	1
141	65.0	194	65.0	door	1	1
199.0	95	199.0	117	door	1	1
216	121.0	233	121.0	door	1	1
226	190.0	243	190.0	door	1	1
201	68	220	82	bathtub	1	1
242	156	245	177	bathtub	1	1
203	128	205	133	toilet	1	1
19	77	22	84	washing_basin	1	1
236	125	247	138	washing_basin	1	1
201	135	206	141	washing_basin	1	1
