5.930861555247807 190.72147648768177 8.75949999147491 190.72147648768177	 wall	 7 0
5.930861555247807 5.19138771191325 8.75949999147491 5.19138771191325	 wall	 0 7
5.930861555247807 5.19138771191325 5.930861555247807 190.72147648768177	 wall	 7 0
222.5232230456111 5.14203302949537 222.5232230456111 90.18430595196271	 wall	 0 4
249.74954359440167 90.18430595196271 249.74954359440167 121.61606060606061	 wall	 0 4
133.8675799086758 5.14203302949537 198.6389433489828 5.1420330294953	 wall	7 0
38.75949999147491 5.19138771191325 113.28613592747007 5.14203302949537	 wall	 0 2
113.28613592747007 5.14203302949537 133.8675799086758 5.1420330294953	 wall	7 0
198.6389433489828 5.14203302949537 222.5232230456111 5.14203302949537	 wall	 0 4
130.61336224420654 139.86809690456704 198.6389433489828 140.632371483976	 wall	75
212.87787089915696 140.63237148397675 249.74954359440167 140.63237148397675	 wall	 4 4
133.8675799086758 5.14203302949537 133.8675799086758 1.971024419297	 wall	21
38.75949999147491 5.19138771191325 8.75949999147491 139.86809690456704	 wall	 2 7
113.28613592747007 5.14203302949537 113.28613592747007 1.9710244192972	 wall	1  1
198.6389433489828 5.14203302949537 198.6389433489828 90.1843059519627	 wall	1 4
130.61336224420654 139.86809690456704 130.61336224420654 190.7214764876817	 wall	7  2
212.87787089915696 140.63237148397675 212.87787089915696 190.7214764876817	 wall	7 4
198.8519244653104 5.14203302949537 198.8519244653104 90.1843059519627	 wall	1 4
130.61336224420654 139.05985462667968 130.61336224420654 190.7214764876817	 wall	7  2
212.87787089915696 142.16092064279613 212.87787089915696 190.7214764876817	 wall	7 4
249.74954359440167 121.61606060606061 249.74954359440167 142.16092064279613	 wall	 0 4
249.74954359440167 142.16092064279613 249.74954359440167 190.72147648768177	 wall	 0 4
222.5232230456111 90.18430595196271 249.74954359440167 90.18430595196271	 wall	 0 4
113.28613592747007 139.05985462667968 130.61336224420654 139.0598546266796	 wall	8  2
38.75949999147491 190.72147648768177 130.61336224420654 190.72147648768177	 wall	 2 0
130.61336224420654 190.72147648768177 212.87787089915696 190.7214764876817	 wall	7  0
212.87787089915696 190.72147648768177 249.74954359440167 190.72147648768177	 wall	 4 0
113.28613592747007 1.97102441929721 133.8675799086758 1.971024419297	 wall	21
198.8519244653104 90.18430595196271 222.5232230456111 90.18430595196271	 wall	 4 4
198.8519244653104 121.61606060606061 249.74954359440167 121.61606060606061	 wall	 4 4
38.75949999147491 139.05985462667968 113.28613592747007 139.05985462667968	 wall	 2 2
198.8519244653104 142.16092064279613 212.87787089915696 142.1609206427961	 wall	3 4
113.28613592747007 1.97102441929721 113.28613592747007 139.0598546266796	 wall	8  2
198.8519244653104 90.18430595196271 198.8519244653104 121.6160606060606	 wall	1 4
198.8519244653104 121.61606060606061 198.8519244653104 142.1609206427961	 wall	3 4
38.75949999147491 139.05985462667968 8.75949999147491 190.72147648768177	 wall	 2 7
198.8519244653104 142.16092064279613 198.8519244653104 139.059854626679	 wall	68
113.0 7.89873417721519 113.0 79.95652173913044 door 1 1
113.0 4.67073170731707 113.0 123.28378378378379 door 1 1
130.0 139.97101449275362 130.0 179.63076923076923 door 1 1
196.14545454545456 5.0 203.3846153846154 5.0 door 1 1
117.11627906976744 5.0 130.9041095890411 5.0 door 1 1
202.0 90.0 215.62295081967213 90.0 door 1 1
43 5.0 107 5.0 door 1 1
141 5.0 194 5.0 door 1 1
198.0 95 198.0 117 door 1 1
249.0 100 249.0 116 door 1 1
216 121.0 233 121.0 door 1 1
226 190.0 243 190.0 door 1 1
201 8 220 2 bathtub 1 1
242 156 245 177 bathtub 1 1
19 77 22 4 washing_basin 1 1
236 125 247 138 washing_basin 1 1
201 135 206 141 washing_basin 1 1
