256	256
30
2.5	42.535139638028376	38.76724137931035	42.535139638028376	0	0
38.76724137931035	82.50527169505273	73.03689163319734	82.50527169505273	2	0
127.23142786538229	128.18520291278023	195.24454575243615	128.18520291278023	3	8
73.03689163319734	241.9611773091633	126.88644688644689	241.66010001905397	7	0
133.24806201550388	241.66010001905397	187.02324032974002	241.66010001905397	7	0
126.88644688644689	222.28712185764056	133.24806201550388	222.28712185764056	7	7
126.88644688644689	222.28712185764056	126.88644688644689	241.66010001905397	7	7
195.24454575243615	79.164592760181	195.24454575243615	103.00512430238459	0	6
38.76724137931035	42.535139638028376	73.03689163319734	42.535139638028376	0	8
73.03689163319734	42.535139638028376	127.23142786538229	42.535139638028376	0	4
133.24806201550388	222.28712185764056	187.02324032974002	222.28712185764056	7	7
187.02324032974002	222.28712185764056	195.24454575243615	222.28712185764056	7	0
38.76724137931035	42.535139638028376	38.76724137931035	82.50527169505273	8	0
195.24454575243615	128.18520291278023	195.24454575243615	202.39460784313727	0	1
133.24806201550388	222.28712185764056	133.24806201550388	241.66010001905397	7	7
187.02324032974002	222.28712185764056	187.02324032974002	241.66010001905397	0	7
127.23142786538229	42.535139638028376	127.23142786538229	79.164592760181	0	8
73.03689163319734	82.50527169505273	73.03689163319734	202.39460784313727	2	0
195.24454575243615	103.00512430238459	195.24454575243615	128.18520291278023	0	3
195.24454575243615	128.18520291278023	195.24454575243615	222.28712185764056	0	0
195.24454575243615	202.39460784313727	195.24454575243615	222.28712185764056	0	7
126.88644688644689	241.66010001905397	133.24806201550388	241.66010001905397	7	0
73.03689163319734	42.535139638028376	127.23142786538229	42.535139638028376	4	8
127.23142786538229	79.164592760181	195.24454575243615	79.164592760181	0	6
127.23142786538229	103.00512430238459	195.24454575243615	103.00512430238459	6	3
73.03689163319734	202.39460784313727	195.24454575243615	202.39460784313727	2	7
73.03689163319734	42.535139638028376	73.03689163319734	82.50527169505273	8	8
127.23142786538229	79.164592760181	127.23142786538229	103.00512430238459	6	2
127.23142786538229	103.00512430238459	127.23142786538229	128.18520291278023	3	8
73.03689163319734	202.39460784313727	73.03689163319734	241.9611773091633	7	0
73.0	48.75949367088607	73.0	77.28787878787878	door	1	1
75.69620253164557	42.0	95.5	42.0	door	1	1
170.375	103.0	192.6818181818182	103.0	door	1	1
19	42.0	39	42.0	door	1	1
96	202.0	122	202.0	door	1	1
138	222.0	163	222.0	door	1	1
9	44	28	64	bathtub	1	1
105	50	113	60	bathtub	1	1
9	105	14	120	bathtub	1	1
28	46	42	60	toilet	1	1
135	108	142	119	toilet	1	1
8	68	24	86	washing_basin	1	1
17	116	20	120	washing_basin	1	1
76	233	84	237	special	1	1
