73.37757403517743 242.23465728075698 126.37172076478436 242.23465728075698	 wall	 7 0
133.24806201550388 239.7359437751004 187.02324032974002 239.7359437751004	 wall	 7 0
5.256334879739683 41.49591218744916 46.95313881520778 41.49591218744916	 wall	 0 4
126.37172076478436 222.40353642940087 133.24806201550388 222.40353642940087	 wall	 7 0
5.256334879739683 41.49591218744916 5.256334879739683 5.2245686492949	 wall	 4 0
126.37172076478436 222.40353642940087 126.37172076478436 242.23465728075698	 wall	 0 7
127.04984439930588 41.49591218744916 127.04984439930588 79.16459276018	 wall	1 0 
193.82096949891067 79.164592760181 193.82096949891067 102.6249439793675	 wall	 0 1
198.2941468253968 126.70857001795818 198.2941468253968 222.40353642940087	 wall	 0 7
46.95313881520778 41.49591218744916 73.37757403517743 41.4959121874491	 wall	6 0 
73.37757403517743 41.49591218744916 127.04984439930588 41.4959121874491	 wall	6 0 
30.175563909774436 5.2245686492949 46.95313881520778 5.224568649294	 wall	9 4 
146.2970340330789 102.6249439793675 193.82096949891067 102.624943979367	 wall	5 1 
133.24806201550388 222.40353642940087 187.02324032974002 222.40353642940087	 wall	 7 7
187.02324032974002 222.40353642940087 198.2941468253968 222.40353642940087	 wall	 7 0
46.95313881520778 41.49591218744916 46.95313881520778 5.224568649294	 wall	9  4
73.37757403517743 41.49591218744916 73.37757403517743 3.69718707559	 wall	78  
30.175563909774436 5.2245686492949 0.175563909774436 3.697187075597	 wall	8  4
146.2970340330789 102.6249439793675 146.2970340330789 126.7085700179581	 wall	8  4
133.24806201550388 222.40353642940087 133.24806201550388 239.7359437751004	 wall	 7 0
73.37757403517743 202.10941383595693 73.37757403517743 242.23465728075698	 wall	 7 0
195.34783204948644 126.47238001197212 195.34783204948644 202.1094138359569	 wall	3 7 
2.5 42.535139638028376 8.76724137931035 42.535139638028376	 wall	 0 0
38.76724137931035 2.50527169505273 73.03689163319734 2.50527169505273	 wall	 2 0
127.23142786538229 128.18520291278023 195.24454575243615 128.185202912780	 wall	23  
38.76724137931035 42.535139638028376 73.03689163319734 42.53513963802837	 wall	6 0 
73.03689163319734 42.535139638028376 127.23142786538229 42.535139638028376	 wall	 0 4
133.24806201550388 222.28712185764056 187.02324032974002 222.28712185764056	 wall	 7 7
187.02324032974002 222.28712185764056 195.24454575243615 222.28712185764056	 wall	 7 0
38.76724137931035 42.535139638028376 8.76724137931035 2.5052716950527	 wall	3  0
195.24454575243615 128.18520291278023 195.24454575243615 202.39460784313727	 wall	 0 1
133.24806201550388 222.28712185764056 133.24806201550388 241.66010001905397	 wall	 7 7
187.02324032974002 222.28712185764056 187.02324032974002 241.66010001905397	 wall	 0 7
127.23142786538229 42.535139638028376 127.23142786538229 79.16459276018	 wall	1 0 
73.03689163319734 2.50527169505273 73.03689163319734 202.39460784313727	 wall	 2 0
195.24454575243615 103.00512430238459 195.24454575243615 128.1852029127802	 wall	3 0 
195.24454575243615 128.18520291278023 195.24454575243615 222.28712185764056	 wall	 0 0
195.24454575243615 202.39460784313727 195.24454575243615 222.28712185764056	 wall	 0 7
126.88644688644689 241.66010001905397 133.24806201550388 241.66010001905397	 wall	 7 0
73.03689163319734 42.535139638028376 127.23142786538229 42.53513963802837	 wall	6 4 
127.23142786538229 79.164592760181 195.24454575243615 79.16459276018	 wall	1 0 
127.23142786538229 103.00512430238459 195.24454575243615 103.005124302384	 wall	59  
73.03689163319734 202.39460784313727 195.24454575243615 202.39460784313727	 wall	 2 7
73.03689163319734 42.535139638028376 73.03689163319734 2.505271695052	 wall	73  
127.23142786538229 79.164592760181 127.23142786538229 103.0051243023845	 wall	9  2
127.23142786538229 103.00512430238459 127.23142786538229 128.185202912780	 wall	23  
73.03689163319734 202.39460784313727 73.03689163319734 241.9611773091633	 wall	 7 0
73.0 48.75949367088607 73.0 77.28787878787878 door 1 1
30.0 9.15384615384616 0.0 3.60344827586206 door 1 1
193.0 186.8125 193.0 197.85714285714286 door 1 1
75.69620253164557 41.0 95.5 41.0 door 1 1
170.375 102.0 192.6818181818182 102.0 door 1 1
107.88235294117646 242.0 122.29411764705883 242.0 door 1 1
19 41.0 9 41.0 door 1 1
131 126.0 142 126.0 door 1 1
127.0 135 127.0 145 door 1 1
127.0 159 127.0 199 door 1 1
96 202.0 122 202.0 door 1 1
138 222.0 163 222.0 door 1 1
9 44 28 4 bathtub 1 1
105 50 113 0 bathtub 1 1
9 105 14 120 bathtub 1 1
28 46 42 0 toilet 1 1
135 108 142 119 toilet 1 1
8 8 24 6 washing_basin 1 1
17 116 20 120 washing_basin 1 1
76 233 4 237 special 1 1
74.0 48.75949367088607 74.0 77.28787878787878 door 1 1
30.0 9.15384615384616 0.0 3.60344827586206 door 1 1
195.0 186.8125 195.0 197.85714285714286 door 1 1
75.69620253164557 41.0 95.5 41.0 door 1 1
170.375 102.0 192.6818181818182 102.0 door 1 1
19 41.0 9 41.0 door 1 1
195.0 100 195.0 124 door 1 1
131 127.0 142 127.0 door 1 1
127.0 135 127.0 145 door 1 1
127.0 159 127.0 199 door 1 1
96 202.0 122 202.0 door 1 1
138 227.0 163 227.0 door 1 1
109 227.0 121 227.0 door 1 1
9 44 28 4 bathtub 1 1
105 50 113 0 bathtub 1 1
28 46 42 0 toilet 1 1
8 8 24 6 washing_basin 1 1
74.0 48.75949367088607 74.0 77.28787878787878 door 1 1
30.0 9.15384615384616 0.0 3.60344827586206 door 1 1
195.0 186.8125 195.0 197.85714285714286 door 1 1
75.69620253164557 41.0 95.5 41.0 door 1 1
170.375 102.0 192.6818181818182 102.0 door 1 1
107.88235294117646 239.0 122.29411764705883 239.0 door 1 1
19 41.0 9 41.0 door 1 1
195.0 100 195.0 124 door 1 1
131 127.0 142 127.0 door 1 1
127.0 135 127.0 145 door 1 1
127.0 159 127.0 199 door 1 1
96 202.0 122 202.0 door 1 1
138 222.0 163 222.0 door 1 1
9 44 28 4 bathtub 1 1
105 50 113 0 bathtub 1 1
9 105 14 120 bathtub 1 1
28 46 42 0 toilet 1 1
135 108 142 119 toilet 1 1
8 8 24 6 washing_basin 1 1
73.0 48.75949367088607 73.0 77.28787878787878 door 1 1
30.0 9.15384615384616 0.0 3.60344827586206 door 1 1
195.0 186.8125 195.0 197.85714285714286 door 1 1
75.69620253164557 41.0 95.5 41.0 door 1 1
170.375 102.0 192.6818181818182 102.0 door 1 1
107.88235294117646 242.0 122.29411764705883 242.0 door 1 1
19 41.0 9 41.0 door 1 1
131 126.0 142 126.0 door 1 1
127.0 135 127.0 145 door 1 1
127.0 159 127.0 199 door 1 1
96 202.0 122 202.0 door 1 1
138 222.0 163 222.0 door 1 1
9 44 28 4 bathtub 1 1
105 50 113 0 bathtub 1 1
9 105 14 120 bathtub 1 1
28 46 42 0 toilet 1 1
135 108 142 119 toilet 1 1
8 8 24 6 washing_basin 1 1
17 116 20 120 washing_basin 1 1
76 233 4 237 special 1 1
73.0 48.75949367088607 73.0 77.28787878787878 door 1 1
75.69620253164557 42.0 95.5 42.0 door 1 1
170.375 103.0 192.6818181818182 103.0 door 1 1
19 42.0 9 42.0 door 1 1
96 202.0 122 202.0 door 1 1
138 222.0 163 222.0 door 1 1
9 44 28 4 bathtub 1 1
105 50 113 0 bathtub 1 1
9 105 14 120 bathtub 1 1
28 46 42 0 toilet 1 1
135 108 142 119 toilet 1 1
8 8 24 6 washing_basin 1 1
17 116 20 120 washing_basin 1 1
76 233 4 237 special 1 1
