256	256
38
73.37757403517743	242.23465728075698	126.37172076478436	242.23465728075698	7	0
133.24806201550388	239.7359437751004	187.02324032974002	239.7359437751004	7	0
5.256334879739683	41.49591218744916	46.95313881520778	41.49591218744916	0	4
126.37172076478436	222.40353642940087	133.24806201550388	222.40353642940087	7	0
5.256334879739683	41.49591218744916	5.256334879739683	65.2245686492949	4	0
126.37172076478436	222.40353642940087	126.37172076478436	242.23465728075698	0	7
127.04984439930588	41.49591218744916	127.04984439930588	79.164592760181	0	8
194.36572712418302	79.164592760181	195.34783204948644	102.6249439793675	0	1
195.34783204948644	126.47238001197212	195.34783204948644	222.40353642940087	0	7
46.95313881520778	41.49591218744916	73.37757403517743	41.49591218744916	0	8
73.37757403517743	41.49591218744916	127.04984439930588	41.49591218744916	0	8
30.175563909774436	65.2245686492949	46.95313881520778	65.2245686492949	4	8
146.2970340330789	102.6249439793675	195.34783204948644	102.6249439793675	1	6
133.24806201550388	222.40353642940087	187.02324032974002	222.40353642940087	7	7
187.02324032974002	222.40353642940087	195.34783204948644	222.40353642940087	7	0
46.95313881520778	41.49591218744916	46.95313881520778	65.2245686492949	8	4
73.37757403517743	41.49591218744916	73.37757403517743	83.6971870755978	8	8
30.175563909774436	65.2245686492949	30.175563909774436	83.6971870755978	8	4
146.2970340330789	102.6249439793675	146.2970340330789	126.47238001197212	6	4
133.24806201550388	222.40353642940087	133.24806201550388	239.7359437751004	7	0
187.02324032974002	222.40353642940087	187.02324032974002	239.7359437751004	0	7
73.37757403517743	83.6971870755978	73.37757403517743	202.10941383595693	2	0
195.34783204948644	102.6249439793675	195.34783204948644	126.47238001197212	0	6
30.175563909774436	83.6971870755978	73.37757403517743	83.6971870755978	2	0
146.2970340330789	126.47238001197212	195.34783204948644	126.47238001197212	6	3
127.04984439930588	202.10941383595693	195.34783204948644	202.10941383595693	3	7
5.256334879739683	65.2245686492949	30.175563909774436	65.2245686492949	4	4
127.04984439930588	79.164592760181	194.36572712418302	79.164592760181	0	1
5.256334879739683	83.6971870755978	30.175563909774436	83.6971870755978	4	0
127.04984439930588	102.6249439793675	146.2970340330789	102.6249439793675	8	4
127.04984439930588	126.47238001197212	146.2970340330789	126.47238001197212	4	3
73.37757403517743	202.10941383595693	127.04984439930588	202.10941383595693	2	7
5.256334879739683	65.2245686492949	5.256334879739683	83.6971870755978	4	0
127.04984439930588	79.164592760181	127.04984439930588	102.6249439793675	8	2
127.04984439930588	102.6249439793675	127.04984439930588	126.47238001197212	4	2
127.04984439930588	126.47238001197212	127.04984439930588	202.10941383595693	3	2
73.37757403517743	202.10941383595693	73.37757403517743	242.23465728075698	7	0
195.34783204948644	126.47238001197212	195.34783204948644	202.10941383595693	7	3
73.0	48.75949367088607	73.0	77.28787878787878	door	1	1
30.0	69.15384615384616	30.0	83.60344827586206	door	1	1
195.0	186.8125	195.0	197.85714285714286	door	1	1
75.69620253164557	41.0	95.5	41.0	door	1	1
170.375	102.0	192.6818181818182	102.0	door	1	1
107.88235294117646	242.0	122.29411764705883	242.0	door	1	1
19	41.0	39	41.0	door	1	1
131	126.0	142	126.0	door	1	1
127.0	135	127.0	145	door	1	1
127.0	159	127.0	199	door	1	1
96	202.0	122	202.0	door	1	1
138	222.0	163	222.0	door	1	1
9	44	28	64	bathtub	1	1
105	50	113	60	bathtub	1	1
9	105	14	120	bathtub	1	1
28	46	42	60	toilet	1	1
135	108	142	119	toilet	1	1
8	68	24	86	washing_basin	1	1
17	116	20	120	washing_basin	1	1
76	233	84	237	special	1	1
