133.24806201550388 239.7359437751004 187.02324032974002 239.7359437751004 7	wall	 0
5.256334879739683 41.49591218744916 46.95313881520778 41.49591218744916 0	wall	 4
126.37172076478436 222.40353642940087 133.24806201550388 222.40353642940087 7	wall	 0
5.256334879739683 41.49591218744916 5.256334879739683 5.2245686492949 4	wall	 0
126.37172076478436 222.40353642940087 126.37172076478436 239.9915807991958 0	wall	 7
127.04984439930588 41.49591218744916 127.04984439930588 79.164592760181 	wall	0 
195.94570417055712 79.164592760181 195.94570417055712 102.6249439793675 0	wall	 1
46.95313881520778 41.49591218744916 74.18978320640511 41.49591218744916 	wall	0 
74.18978320640511 41.49591218744916 127.04984439930588 41.49591218744916 	wall	0 
30.175563909774436 5.2245686492949 46.95313881520778 5.2245686492949 	wall	4 
146.2970340330789 102.6249439793675 195.94570417055712 102.6249439793675 	wall	1 
133.24806201550388 222.40353642940087 187.02324032974002 222.40353642940087 7	wall	 7
187.02324032974002 222.40353642940087 195.94570417055712 222.40353642940087 7	wall	 0
46.95313881520778 41.49591218744916 46.95313881520778 5.2245686492949 	wall	 4
74.18978320640511 41.49591218744916 74.18978320640511 3.6971870755978	wall	  
30.175563909774436 5.2245686492949 0.175563909774436 3.6971870755978 	wall	 4
146.2970340330789 102.6249439793675 146.2970340330789 127.58523621442043 	wall	 4
133.24806201550388 222.40353642940087 133.24806201550388 239.7359437751004 7	wall	 0
187.02324032974002 222.40353642940087 187.02324032974002 239.7359437751004 0	wall	 7
74.18978320640511 3.6971870755978 74.18978320640511 202.1996916137347 2	wall	 0
195.94570417055712 102.6249439793675 195.94570417055712 127.58523621442043 	wall	0 
195.94570417055712 127.58523621442043 195.94570417055712 202.1996916137347 	wall	0 
195.94570417055712 202.1996916137347 195.94570417055712 222.40353642940087 0	wall	 7
30.175563909774436 3.6971870755978 74.18978320640511 3.6971870755978 2	wall	 0
146.2970340330789 127.58523621442043 195.94570417055712 127.58523621442043	wall	  
127.04984439930588 202.1996916137347 195.94570417055712 202.1996916137347 	wall	 7
74.18978320640511 239.9915807991958 126.37172076478436 239.9915807991958 7	wall	 0
5.256334879739683 5.2245686492949 0.175563909774436 5.2245686492949 4	wall	 4
127.04984439930588 79.164592760181 195.94570417055712 79.164592760181 0	wall	 1
127.04984439930588 102.6249439793675 146.2970340330789 102.6249439793675 	wall	 4
127.04984439930588 127.58523621442043 146.2970340330789 127.58523621442043 	wall	4 
74.18978320640511 202.1996916137347 127.04984439930588 202.1996916137347 2	wall	 7
5.256334879739683 5.2245686492949 5.256334879739683 3.6971870755978 4	wall	 0
127.04984439930588 79.164592760181 127.04984439930588 102.6249439793675 1	wall	 2
127.04984439930588 102.6249439793675 127.04984439930588 127.58523621442043 4	wall	 2
127.04984439930588 127.58523621442043 127.04984439930588 202.1996916137347 	wall	 2
74.18978320640511 202.1996916137347 74.18978320640511 239.9915807991958 7	wall	 0
74.0 48.75949367088607 74.0 77.28787878787878 door 1 1
30.0 9.15384615384616 0.0 3.60344827586206 door 1 1
195.0 186.8125 195.0 197.85714285714286 door 1 1
75.69620253164557 41.0 95.5 41.0 door 1 1
170.375 102.0 192.6818181818182 102.0 door 1 1
107.88235294117646 239.0 122.29411764705883 239.0 door 1 1
19 41.0 9 41.0 door 1 1
195.0 100 195.0 124 door 1 1
131 127.0 142 127.0 door 1 1
127.0 135 127.0 145 door 1 1
127.0 159 127.0 199 door 1 1
96 202.0 122 202.0 door 1 1
138 222.0 163 222.0 door 1 1
9 44 28 4 bathtub 1 1
105 50 113 0 bathtub 1 1
9 105 14 120 bathtub 1 1
28 46 42 0 toilet 1 1
135 108 142 119 toilet 1 1
8 8 24 6 washing_basin 1 1
