256	256
35
5.745061728395061	65.26787454110348	38.89599322635037	65.26787454110348	0	7
5.745061728395061	65.26787454110348	5.745061728395061	190.8121122224011	7	0
222.2448471926084	65.25543624087896	222.2448471926084	90.23480120060854	0	4
250.08225905533308	90.23480120060854	250.08225905533308	121.63379027950863	0	4
133.9509971796938	65.25543624087896	198.41450057407042	65.25543624087896	0	3
38.89599322635037	65.26787454110348	113.66014180819006	65.25543624087896	0	2
113.66014180819006	65.25543624087896	133.9509971796938	65.25543624087896	0	6
198.41450057407042	65.25543624087896	222.2448471926084	65.25543624087896	0	4
130.58052903126443	139.56834049468114	198.41450057407042	139.87366045662873	3	3
217.7199519230769	139.87366045662873	250.08225905533308	139.87366045662873	4	4
133.9509971796938	65.25543624087896	133.9509971796938	82.09921142369991	3	6
38.89599322635037	65.26787454110348	38.89599322635037	139.56834049468114	2	7
113.66014180819006	65.25543624087896	113.66014180819006	82.09921142369991	6	1
198.41450057407042	65.25543624087896	198.41450057407042	90.23480120060854	4	3
130.58052903126443	139.56834049468114	130.58052903126443	190.8121122224011	3	2
217.7199519230769	139.87366045662873	217.7199519230769	190.8121122224011	4	6
250.08225905533308	121.63379027950863	250.08225905533308	139.87366045662873	0	4
250.08225905533308	139.87366045662873	250.08225905533308	190.8121122224011	0	4
222.2448471926084	90.23480120060854	250.08225905533308	90.23480120060854	0	4
113.66014180819006	139.56834049468114	130.58052903126443	139.56834049468114	3	2
130.58052903126443	190.8121122224011	198.41450057407042	190.8121122224011	3	0
38.89599322635037	190.8121122224011	130.58052903126443	190.8121122224011	2	0
198.41450057407042	190.8121122224011	217.7199519230769	190.8121122224011	6	0
217.7199519230769	190.8121122224011	250.08225905533308	190.8121122224011	4	0
5.745061728395061	190.8121122224011	38.89599322635037	190.8121122224011	7	0
198.41450057407042	90.23480120060854	222.2448471926084	90.23480120060854	4	4
198.41450057407042	121.63379027950863	250.08225905533308	121.63379027950863	4	4
38.89599322635037	139.56834049468114	113.66014180819006	139.56834049468114	2	2
113.66014180819006	82.09921142369991	133.9509971796938	82.09921142369991	6	3
198.41450057407042	90.23480120060854	198.41450057407042	121.63379027950863	4	3
198.41450057407042	121.63379027950863	198.41450057407042	139.87366045662873	4	3
38.89599322635037	139.56834049468114	38.89599322635037	190.8121122224011	2	7
113.66014180819006	82.09921142369991	113.66014180819006	139.56834049468114	3	2
198.41450057407042	139.87366045662873	217.7199519230769	139.87366045662873	4	6
198.41450057407042	139.87366045662873	198.41450057407042	190.8121122224011	6	3
113.0	67.89873417721519	113.0	79.95652173913044	door	1	1
113.0	84.67073170731707	113.0	123.28378378378379	door	1	1
250.0	99.09677419354838	250.0	117.23684210526316	door	1	1
130.0	139.97101449275362	130.0	179.63076923076923	door	1	1
198.0	146.56896551724137	198.0	187.65217391304347	door	1	1
196.14545454545456	65.0	203.3846153846154	65.0	door	1	1
117.11627906976744	65.0	130.9041095890411	65.0	door	1	1
202.0	90.0	215.62295081967213	90.0	door	1	1
43	65.0	107	65.0	door	1	1
141	65.0	194	65.0	door	1	1
198.0	95	198.0	117	door	1	1
250.0	100	250.0	116	door	1	1
216	121.0	233	121.0	door	1	1
226	190.0	243	190.0	door	1	1
201	68	220	82	bathtub	1	1
242	156	245	177	bathtub	1	1
19	77	22	84	washing_basin	1	1
236	125	247	138	washing_basin	1	1
201	135	206	141	washing_basin	1	1
