256 256 
80
7.6915761896892585 186.35803187922033 115.40091818330875 186.30222443805474  0
7.6915761896892585 52.687183009298394 45.21570512820513 52.687183009298394 0 7
7.6915761896892585 52.687183009298394 7.6915761896892585 127.8984398782344 7 0
199.81571098162667 52.687183009298394 199.81571098162667 94.94281898492183 0 2
115.40091818330875 127.8984398782344 115.40091818330875 150.58142523364486 1 
242.26208777584924 150.73964736450353 242.26208777584924 186.30222443805474 0 7
45.21570512820513 52.687183009298394 142.07069846802526 52.687183009298394 0 1
142.07069846802526 52.687183009298394 199.81571098162667 52.687183009298394 0 1
171.9704061494514 94.94281898492183 199.81571098162667 94.94281898492183 2 4
194.94383416017007 150.73964736450353 194.94383416017007 160.57433679161088  
194.94383416017007 150.73964736450353 199.8314102892091 150.73964736450353 4 
45.21570512820513 52.687183009298394 45.21570512820513 127.8984398782344 1 7
142.07069846802526 52.687183009298394 142.07069846802526 94.94281898492183 2 1
171.9704061494514 94.94281898492183 171.9741047577193 130.51765259368355 4 4
199.81571098162667 94.94281898492183 199.81571098162667 130.51765259368355 0 4
199.81571098162667 130.51765259368355 199.8314102892091 150.73964736450353 0 4
199.8314102892091 160.57433679161088 199.8314102892091 186.30222443805474 7 2
45.21570512820513 127.8984398782344 115.40091818330875 127.8984398782344 1 
194.94383416017007 160.57433679161088 199.8314102892091 160.57433679161088  2
141.11705193620577 186.30222443805474 199.8314102892091 186.30222443805474  0
199.8314102892091 186.30222443805474 242.26208777584924 186.30222443805474 7 0
115.40091818330875 186.30222443805474 141.11705193620577 186.30222443805474  0
171.9741047577193 160.57433679161088 194.94383416017007 160.57433679161088  2
142.07069846802526 94.94281898492183 171.9704061494514 94.94281898492183 1 4
7.6915761896892585 127.8984398782344 45.21570512820513 127.8984398782344 7 
141.11705193620577 130.51765259368355 171.9741047577193 130.51765259368355 4 2
171.9741047577193 150.73964736450353 194.94383416017007 150.73964736450353 4 
115.40091818330875 150.58142523364486 141.11705193620577 150.58142523364486 1 
141.11705193620577 150.58142523364486 141.11705193620577 160.57433679161088 2 
141.11705193620577 160.57433679161088 171.9741047577193 160.57433679161088 2 
142.07069846802526 94.94281898492183 141.11705193620577 130.51765259368355 4 1
7.6915761896892585 127.8984398782344 7.6915761896892585 186.35803187922033  0
141.11705193620577 130.51765259368355 141.11705193620577 150.58142523364486 2 1
171.9741047577193 150.73964736450353 171.9741047577193 160.57433679161088  2
115.40091818330875 150.58142523364486 115.40091818330875 186.30222443805474  
141.11705193620577 160.57433679161088 141.11705193620577 186.30222443805474  
171.9741047577193 130.51765259368355 199.81571098162667 130.51765259368355 4 4
199.8314102892091 150.73964736450353 242.26208777584924 150.73964736450353 0 7
171.9741047577193 130.51765259368355 171.9741047577193 150.73964736450353 4 2
199.8314102892091 150.73964736450353 199.8314102892091 160.57433679161088 7 
141.11705193620577 150.58142523364486 141.11705193620577 160.57433679161088 2 
141.11705193620577 160.57433679161088 171.9741047577193 160.57433679161088 2 
142.07069846802526 94.94281898492183 141.11705193620577 130.51765259368355 4 1
7.6915761896892585 127.8984398782344 7.6915761896892585 186.31338592628785  0
141.11705193620577 130.51765259368355 141.11705193620577 150.58142523364486 2 1
171.9741047577193 150.73964736450353 171.9741047577193 160.57433679161088  2
115.40091818330875 150.58142523364486 115.40091818330875 186.31338592628785  
141.11705193620577 160.57433679161088 141.11705193620577 186.31338592628785  
171.9741047577193 130.51765259368355 199.81571098162667 130.51765259368355 4 4
199.8314102892091 150.73964736450353 242.26208777584924 150.73964736450353 0 7
171.9741047577193 130.51765259368355 171.9741047577193 150.73964736450353 4 2
199.8314102892091 150.73964736450353 199.8314102892091 160.57433679161088 7 
9.952837073526728 52.14380815544609 44.68824194460147 52.14380815544609 0 7
9.952837073526728 52.14380815544609 9.952837073526728 128.32108535895986 7 0
200.7905923141186 130.85739614994932 200.72208521303256 149.40073776985543 0 4
140.21618957633444 149.44654088050314 140.21618957633444 162.30343165606325 2 
200.72208521303256 162.30343165606325 200.72208521303256 186.81487068752716 2 2
44.68824194460147 128.32108535895986 115.43356349822655 128.32108535895986 1 
194.81190476190477 162.30343165606325 200.72208521303256 162.30343165606325  2
115.43356349822655 186.81487068752716 140.21618957633444 186.81487068752716  0
140.21618957633444 186.81487068752716 200.72208521303256 186.81487068752716  0
200.72208521303256 186.81487068752716 242.76851851851853 186.81487068752716 2 0
171.72953050036384 162.30343165606325 194.81190476190477 162.30343165606325  
141.1608628982999 94.63009203880915 171.73331471768972 94.63009203880915 1 4
9.952837073526728 128.32108535895986 44.68824194460147 128.32108535895986 7 
140.21618957633444 130.85739614994932 171.72953050036384 130.85739614994932 4 2
171.72953050036384 149.40073776985543 194.81190476190477 149.40073776985543 4 
115.43356349822655 149.44654088050314 140.21618957633444 149.44654088050314 1 
140.21618957633444 162.30343165606325 171.72953050036384 162.30343165606325 2 
9.952837073526728 186.81487068752716 115.43356349822655 186.81487068752716  0
141.1608628982999 94.63009203880915 140.21618957633444 130.85739614994932 4 1
9.952837073526728 128.32108535895986 9.952837073526728 186.81487068752716  0
140.21618957633444 130.85739614994932 140.21618957633444 149.44654088050314 2 1
171.72953050036384 149.40073776985543 171.72953050036384 162.30343165606325  2
115.43356349822655 149.44654088050314 115.43356349822655 186.81487068752716  
140.21618957633444 162.30343165606325 140.21618957633444 186.81487068752716  
171.72953050036384 130.85739614994932 200.7905923141186 130.85739614994932 4 4
200.72208521303256 149.40073776985543 242.76851851851853 149.40073776985543 0 2
171.72953050036384 130.85739614994932 171.72953050036384 149.40073776985543 4 2
200.72208521303256 149.40073776985543 200.72208521303256 162.30343165606325 2 
