256 256 
36
133.75 239.63225806451612 187.10577437176974 239.63225806451612 7 0
5.006256828911291 41.492716283932346 46.98993327197423 41.492716283932346 0 4
126.38775510204081 222.3200145034537 133.75 222.3200145034537 7 0
5.006256828911291 41.492716283932346 5.006256828911291 5.34382409239332 4 0
126.38775510204081 222.3200145034537 126.38775510204081 239.96386054421768 0 7
126.83086931608457 41.492716283932346 126.83086931608457 78.97912885662433 0 
196.12165533169667 78.97912885662433 196.12165533169667 102.55820057376549 0 1
46.98993327197423 41.492716283932346 74.20390406493807 41.492716283932346 0 
74.20390406493807 41.492716283932346 126.83086931608457 41.492716283932346 0 
30.16665085388994 5.34382409239332 46.98993327197423 5.34382409239332 4 
146.53457772337822 102.55820057376549 196.12165533169667 102.55820057376549 1 
133.75 222.3200145034537 187.10577437176974 222.3200145034537 7 7
187.10577437176974 222.3200145034537 196.12165533169667 222.3200145034537 7 0
46.98993327197423 41.492716283932346 46.98993327197423 5.34382409239332  4
74.20390406493807 41.492716283932346 74.20390406493807 3.77597990297092  
30.16665085388994 5.34382409239332 0.16665085388994 3.77597990297092  4
146.53457772337822 102.55820057376549 146.53457772337822 127.55646957101625  4
133.75 222.3200145034537 133.75 239.63225806451612 7 0
187.10577437176974 222.3200145034537 187.10577437176974 239.63225806451612 0 7
74.20390406493807 3.77597990297092 74.20390406493807 202.2771137952956 2 0
126.83086931608457 127.55646957101625 126.83086931608457 202.2771137952956  2
74.20390406493807 202.2771137952956 74.20390406493807 239.96386054421768 7 0
126.43669551836783 223.26582390734933 195.13853458231043 223.26582390734933  0
195.13853458231043 127.02454803239345 195.13853458231043 223.26582390734933 0 
73.36028830572634 3.77597990297092 73.36028830572634 241.8877418671749 4 0
195.13853458231043 127.02454803239345 195.13853458231043 223.26582390734933 0 0
30.16665085388994 3.77597990297092 73.36028830572634 3.77597990297092 2 0
5.006256828911291 5.34382409239332 0.16665085388994 5.34382409239332 4 4
126.43669551836783 78.97912885662433 195.13853458231043 78.97912885662433 0 
5.006256828911291 3.77597990297092 0.16665085388994 3.77597990297092 4 0
126.43669551836783 102.90706830250869 195.13853458231043 102.90706830250869  4
126.43669551836783 127.02454803239345 195.13853458231043 127.02454803239345 4 
5.006256828911291 5.34382409239332 5.006256828911291 3.77597990297092 4 0
126.43669551836783 78.97912885662433 126.43669551836783 102.90706830250869  4
126.43669551836783 102.90706830250869 126.43669551836783 127.02454803239345 4 4
126.43669551836783 127.02454803239345 126.43669551836783 223.26582390734933  4
74.0 48.75949367088607 74.0 77.28787878787878 door 1 1
30.0 9.15384615384616 0.0 3.60344827586206 door 1 1
196.0 186.8125 196.0 197.85714285714286 door 1 1
75.69620253164557 41.0 95.5 41.0 door 1 1
170.375 102.0 192.6818181818182 102.0 door 1 1
107.88235294117646 239.0 122.29411764705883 239.0 door 1 1
19 41.0 9 41.0 door 1 1
131 127.0 142 127.0 door 1 1
126.0 135 126.0 145 door 1 1
126.0 159 126.0 199 door 1 1
96 202.0 122 202.0 door 1 1
138 222.0 163 222.0 door 1 1
9 44 28 4 bathtub 1 1
105 50 113 0 bathtub 1 1
9 105 14 120 bathtub 1 1
28 46 42 0 toilet 1 1
135 108 142 119 toilet 1 1
8 8 24 6 washing_basin 1 1
17 116 20 120 washing_basin 1 1
76 233 4 237 special 1 1
73.0 48.75949367088607 73.0 77.28787878787878 door 1 1
30.0 9.15384615384616 0.0 3.60344827586206 door 1 1
170.375 102.0 192.6818181818182 102.0 door 1 1
19 41.0 9 41.0 door 1 1
131 127.0 142 127.0 door 1 1
126.0 135 126.0 145 door 1 1
138 223.0 163 223.0 door 1 1
9 44 28 4 bathtub 1 1
105 50 113 0 bathtub 1 1
9 105 14 120 bathtub 1 1
28 46 42 0 toilet 1 1
135 108 142 119 toilet 1 1
8 8 24 6 washing_basin 1 1
17 116 20 120 washing_basin 1 1
76 233 4 237 special 1 1
