256	256
27
126.43669551836783	223.26582390734933	126.48227662856273	241.8877418671749	0	4
126.43669551836783	223.26582390734933	195.13853458231043	223.26582390734933	3	0
73.36028830572634	241.8877418671749	126.48227662856273	241.8877418671749	4	0
5.006256828911291	41.492716283932346	46.98993327197423	41.492716283932346	0	4
5.006256828911291	41.492716283932346	5.006256828911291	65.34382409239332	4	0
126.43669551836783	41.492716283932346	126.43669551836783	78.97912885662433	0	4
195.13853458231043	78.97912885662433	195.13853458231043	102.90706830250869	0	6
46.98993327197423	41.492716283932346	73.36028830572634	41.492716283932346	0	8
73.36028830572634	41.492716283932346	126.43669551836783	41.492716283932346	0	4
30.16665085388994	65.34382409239332	46.98993327197423	65.34382409239332	4	8
46.98993327197423	41.492716283932346	46.98993327197423	65.34382409239332	8	4
73.36028830572634	41.492716283932346	73.36028830572634	83.77597990297092	4	8
30.16665085388994	65.34382409239332	30.16665085388994	83.77597990297092	8	4
195.13853458231043	127.02454803239345	195.13853458231043	223.26582390734933	0	3
73.36028830572634	83.77597990297092	73.36028830572634	241.8877418671749	4	0
195.13853458231043	102.90706830250869	195.13853458231043	127.02454803239345	0	4
195.13853458231043	127.02454803239345	195.13853458231043	223.26582390734933	0	0
30.16665085388994	83.77597990297092	73.36028830572634	83.77597990297092	2	0
5.006256828911291	65.34382409239332	30.16665085388994	65.34382409239332	4	4
126.43669551836783	78.97912885662433	195.13853458231043	78.97912885662433	0	6
5.006256828911291	83.77597990297092	30.16665085388994	83.77597990297092	4	0
126.43669551836783	102.90706830250869	195.13853458231043	102.90706830250869	6	4
126.43669551836783	127.02454803239345	195.13853458231043	127.02454803239345	4	3
5.006256828911291	65.34382409239332	5.006256828911291	83.77597990297092	4	0
126.43669551836783	78.97912885662433	126.43669551836783	102.90706830250869	6	4
126.43669551836783	102.90706830250869	126.43669551836783	127.02454803239345	4	4
126.43669551836783	127.02454803239345	126.43669551836783	223.26582390734933	3	4
73.0	48.75949367088607	73.0	77.28787878787878	door	1	1
30.0	69.15384615384616	30.0	83.60344827586206	door	1	1
170.375	102.0	192.6818181818182	102.0	door	1	1
19	41.0	39	41.0	door	1	1
131	127.0	142	127.0	door	1	1
126.0	135	126.0	145	door	1	1
138	223.0	163	223.0	door	1	1
9	44	28	64	bathtub	1	1
105	50	113	60	bathtub	1	1
9	105	14	120	bathtub	1	1
28	46	42	60	toilet	1	1
135	108	142	119	toilet	1	1
8	68	24	86	washing_basin	1	1
17	116	20	120	washing_basin	1	1
76	233	84	237	special	1	1
