256	256
10
20.149324324324326	86.47857061388245	113.16751824817518	86.47857061388245	0	3
20.149324324324326	86.47857061388245	20.149324324324326	174.31900834658188	3	0
248.81696804718388	86.47857061388245	248.81696804718388	174.31900834658188	0	2
113.16751824817518	86.47857061388245	136.84763071895424	86.47857061388245	0	2
136.84763071895424	86.47857061388245	248.81696804718388	86.47857061388245	0	2
113.16751824817518	86.47857061388245	113.16751824817518	174.31900834658188	8	3
136.84763071895424	86.47857061388245	136.84763071895424	174.31900834658188	2	8
20.149324324324326	174.31900834658188	113.16751824817518	174.31900834658188	3	0
113.16751824817518	174.31900834658188	136.84763071895424	174.31900834658188	8	0
136.84763071895424	174.31900834658188	248.81696804718388	174.31900834658188	2	0
201.82926829268294	86.0	211.36363636363637	86.0	door	1	1
234.51612903225808	86.0	243.64705882352942	86.0	door	1	1
113.0	133	113.0	156	door	1	1
100	152	112	172	toilet	1	1
126	97	132	101	entrance	1	1
243	78	246	84	washing_basin	1	1
98	129	112	143	washing_basin	1	1
220	250	232	255	washing_basin	1	1
51	90	57	92	special	1	1
